<?xml version="1.0" encoding="UTF-8"?>
<document version="0.9.1">
  <chunk>
    <sensors>
      <sensor id="0" label="Canon EOS REBEL T5i (55 mm)" type="frame">
        <resolution width="3456" height="5184"/>
        <property name="pixel_width" value="4.3839988057057071e-003"/>
        <property name="pixel_height" value="4.3839988057057071e-003"/>
        <property name="focal_length" value="5.5000000000000000e+001"/>
        <property name="fixed" value="false"/>
        <calibration type="frame" class="adjusted">
          <resolution width="3456" height="5184"/>
          <fx>1.2374146209981158e+004</fx>
          <fy>1.2374146209981158e+004</fy>
          <cx>1.5861326389987664e+003</cx>
          <cy>2.6778006363739369e+003</cy>
          <k1>3.5016621146337712e-001</k1>
          <k2>-8.2518485200515173e+000</k2>
          <k3>9.3979190172361598e+001</k3>
        </calibration>
      </sensor>
      <sensor id="1" label="Canon EOS REBEL T5i (55 mm)" type="frame">
        <resolution width="3456" height="5184"/>
        <property name="pixel_width" value="4.3839988057057071e-003"/>
        <property name="pixel_height" value="4.3839988057057071e-003"/>
        <property name="focal_length" value="5.5000000000000000e+001"/>
        <property name="fixed" value="false"/>
        <calibration type="frame" class="adjusted">
          <resolution width="3456" height="5184"/>
          <fx>1.2444419214239610e+004</fx>
          <fy>1.2444419214239610e+004</fy>
          <cx>1.6536984643829253e+003</cx>
          <cy>2.6745663473933519e+003</cy>
          <k1>1.6473466747628093e-001</k1>
          <k2>-2.8275221965594410e-001</k2>
          <k3>-8.8206992271886691e+000</k3>
        </calibration>
      </sensor>
      <sensor id="2" label="Canon EOS REBEL T5i (55 mm)" type="frame">
        <resolution width="3456" height="5184"/>
        <property name="pixel_width" value="4.3839988057057071e-003"/>
        <property name="pixel_height" value="4.3839988057057071e-003"/>
        <property name="focal_length" value="5.5000000000000000e+001"/>
        <property name="fixed" value="false"/>
        <calibration type="frame" class="adjusted">
          <resolution width="3456" height="5184"/>
          <fx>1.2328944501416248e+004</fx>
          <fy>1.2328944501416248e+004</fy>
          <cx>1.5563575872173760e+003</cx>
          <cy>2.6581314778859933e+003</cy>
          <k1>1.9590070642068771e-001</k1>
          <k2>-1.7752087912488863e+000</k2>
          <k3>8.5610145268909026e+000</k3>
        </calibration>
      </sensor>
      <sensor id="3" label="Canon EOS REBEL T5i (55 mm)" type="frame">
        <resolution width="3456" height="5184"/>
        <property name="pixel_width" value="4.3839988057057071e-003"/>
        <property name="pixel_height" value="4.3839988057057071e-003"/>
        <property name="focal_length" value="5.5000000000000000e+001"/>
        <property name="fixed" value="false"/>
        <calibration type="frame" class="adjusted">
          <resolution width="3456" height="5184"/>
          <fx>1.2284676387668536e+004</fx>
          <fy>1.2284676387668536e+004</fy>
          <cx>1.5316580701185705e+003</cx>
          <cy>2.5007851557919598e+003</cy>
          <k1>2.6081153196585083e-001</k1>
          <k2>-5.0269419066777763e+000</k2>
          <k3>4.4853365306637833e+001</k3>
        </calibration>
      </sensor>
      <sensor id="4" label="Canon EOS REBEL T5i (55 mm)" type="frame">
        <resolution width="3456" height="5184"/>
        <property name="pixel_width" value="4.3839988057057071e-003"/>
        <property name="pixel_height" value="4.3839988057057071e-003"/>
        <property name="focal_length" value="5.5000000000000000e+001"/>
        <property name="fixed" value="false"/>
        <calibration type="frame" class="adjusted">
          <resolution width="3456" height="5184"/>
          <fx>1.2346214637149873e+004</fx>
          <fy>1.2346214637149873e+004</fy>
          <cx>1.7178108865263271e+003</cx>
          <cy>2.6575346079823694e+003</cy>
          <k1>4.3649738605921320e-002</k1>
          <k2>4.1165320437280553e+000</k2>
          <k3>-5.5287772499325371e+001</k3>
        </calibration>
      </sensor>
      <sensor id="5" label="Canon EOS REBEL T5i (55 mm)" type="frame">
        <resolution width="3456" height="5184"/>
        <property name="pixel_width" value="4.3839988057057071e-003"/>
        <property name="pixel_height" value="4.3839988057057071e-003"/>
        <property name="focal_length" value="5.5000000000000000e+001"/>
        <property name="fixed" value="false"/>
        <calibration type="frame" class="adjusted">
          <resolution width="3456" height="5184"/>
          <fx>1.2306274988377283e+004</fx>
          <fy>1.2306274988377283e+004</fy>
          <cx>1.6537676127426610e+003</cx>
          <cy>2.6546903711784048e+003</cy>
          <k1>6.6511751225195842e-002</k1>
          <k2>2.8216637289768811e+000</k2>
          <k3>-3.6882461845577510e+001</k3>
        </calibration>
      </sensor>
      <sensor id="6" label="Canon EOS REBEL T5i (55 mm)" type="frame">
        <resolution width="3456" height="5184"/>
        <property name="pixel_width" value="4.3839988057057071e-003"/>
        <property name="pixel_height" value="4.3839988057057071e-003"/>
        <property name="focal_length" value="5.5000000000000000e+001"/>
        <property name="fixed" value="false"/>
        <calibration type="frame" class="adjusted">
          <resolution width="3456" height="5184"/>
          <fx>1.2237409526077821e+004</fx>
          <fy>1.2237409526077821e+004</fy>
          <cx>1.6410587145228353e+003</cx>
          <cy>2.5418674169861520e+003</cy>
          <k1>6.2059280699887642e-002</k1>
          <k2>6.1858129489816145e+000</k2>
          <k3>-1.0417982023879713e+002</k3>
        </calibration>
      </sensor>
      <sensor id="7" label="Canon EOS REBEL T5i (55 mm)" type="frame">
        <resolution width="3456" height="5184"/>
        <property name="pixel_width" value="4.3839988057057071e-003"/>
        <property name="pixel_height" value="4.3839988057057071e-003"/>
        <property name="focal_length" value="5.5000000000000000e+001"/>
        <property name="fixed" value="false"/>
        <calibration type="frame" class="adjusted">
          <resolution width="3456" height="5184"/>
          <fx>1.2654832517367004e+004</fx>
          <fy>1.2654832517367004e+004</fy>
          <cx>1.4384519329381374e+003</cx>
          <cy>2.6925336359946136e+003</cy>
          <k1>-6.8920306795452524e-002</k1>
          <k2>4.6477507785611740e+000</k2>
          <k3>-7.0336846803967589e+001</k3>
        </calibration>
      </sensor>
      <sensor id="8" label="Canon EOS REBEL T5i (55 mm)" type="frame">
        <resolution width="3456" height="5184"/>
        <property name="pixel_width" value="4.3839988057057071e-003"/>
        <property name="pixel_height" value="4.3839988057057071e-003"/>
        <property name="focal_length" value="5.5000000000000000e+001"/>
        <property name="fixed" value="false"/>
        <calibration type="frame" class="adjusted">
          <resolution width="3456" height="5184"/>
          <fx>1.2685721215543370e+004</fx>
          <fy>1.2685721215543370e+004</fy>
          <cx>1.3556975300406762e+003</cx>
          <cy>2.6466498075817990e+003</cy>
          <k1>-1.9453316246726265e-001</k1>
          <k2>9.3561291692103392e+000</k2>
          <k3>-1.5751440135078118e+002</k3>
        </calibration>
      </sensor>
      <sensor id="9" label="Canon EOS REBEL T5i (55 mm)" type="frame">
        <resolution width="3456" height="5184"/>
        <property name="pixel_width" value="4.3839988057057071e-003"/>
        <property name="pixel_height" value="4.3839988057057071e-003"/>
        <property name="focal_length" value="5.5000000000000000e+001"/>
        <property name="fixed" value="false"/>
        <calibration type="frame" class="adjusted">
          <resolution width="3456" height="5184"/>
          <fx>1.3342102483322822e+004</fx>
          <fy>1.3342102483322822e+004</fy>
          <cx>2.0967077122560754e+003</cx>
          <cy>2.6024831802283306e+003</cy>
          <k1>-4.4590892005514932e-001</k1>
          <k2>1.5255960765326622e+001</k2>
          <k3>-9.3762406167787788e+001</k3>
        </calibration>
      </sensor>
      <sensor id="10" label="Canon EOS REBEL T5i (55 mm)" type="frame">
        <resolution width="3456" height="5184"/>
        <property name="pixel_width" value="4.3839988057057071e-003"/>
        <property name="pixel_height" value="4.3839988057057071e-003"/>
        <property name="focal_length" value="5.5000000000000000e+001"/>
        <property name="fixed" value="false"/>
        <calibration type="frame" class="adjusted">
          <resolution width="3456" height="5184"/>
          <fx>1.3345056380277787e+004</fx>
          <fy>1.3345056380277787e+004</fy>
          <cx>2.1363088969603032e+003</cx>
          <cy>2.4775776869452179e+003</cy>
          <k1>-3.3652570842216845e-001</k1>
          <k2>-1.3224931541941926e-001</k2>
          <k3>6.9087719065641488e+002</k3>
        </calibration>
      </sensor>
      <sensor id="11" label="Canon EOS REBEL T5i (55 mm)" type="frame">
        <resolution width="3456" height="5184"/>
        <property name="pixel_width" value="4.3839988057057071e-003"/>
        <property name="pixel_height" value="4.3839988057057071e-003"/>
        <property name="focal_length" value="5.5000000000000000e+001"/>
        <property name="fixed" value="false"/>
        <calibration type="frame" class="adjusted">
          <resolution width="3456" height="5184"/>
          <fx>1.2288677638367857e+004</fx>
          <fy>1.2288677638367857e+004</fy>
          <cx>2.1866674488062381e+003</cx>
          <cy>2.4401550967081457e+003</cy>
          <k1>-5.3086624616176685e-002</k1>
          <k2>3.5932103593612625e+000</k2>
          <k3>-2.6509015740005704e+001</k3>
        </calibration>
      </sensor>
      <sensor id="12" label="Canon EOS REBEL T5i (55 mm)" type="frame">
        <resolution width="3456" height="5184"/>
        <property name="pixel_width" value="4.3839988057057071e-003"/>
        <property name="pixel_height" value="4.3839988057057071e-003"/>
        <property name="focal_length" value="5.5000000000000000e+001"/>
        <property name="fixed" value="false"/>
        <calibration type="frame" class="adjusted">
          <resolution width="3456" height="5184"/>
          <fx>1.2127518612158907e+004</fx>
          <fy>1.2127518612158907e+004</fy>
          <cx>2.0975479427464747e+003</cx>
          <cy>2.5329281254520715e+003</cy>
          <k1>-1.3585455243719854e-001</k1>
          <k2>8.6229429249179290e+000</k2>
          <k3>-9.4061564376260293e+001</k3>
        </calibration>
      </sensor>
      <sensor id="13" label="Canon EOS REBEL T5i (55 mm)" type="frame">
        <resolution width="3456" height="5184"/>
        <property name="pixel_width" value="4.3839988057057071e-003"/>
        <property name="pixel_height" value="4.3839988057057071e-003"/>
        <property name="focal_length" value="5.5000000000000000e+001"/>
        <property name="fixed" value="false"/>
        <calibration type="frame" class="adjusted">
          <resolution width="3456" height="5184"/>
          <fx>1.2579379408151257e+004</fx>
          <fy>1.2579379408151257e+004</fy>
          <cx>1.8648028934038618e+003</cx>
          <cy>2.6704875605715201e+003</cy>
          <k1>2.4424661608380016e-001</k1>
          <k2>-5.3310985059414140e+000</k2>
          <k3>7.2760145138720489e+001</k3>
        </calibration>
      </sensor>
      <sensor id="14" label="Canon EOS REBEL T5i (55 mm)" type="frame">
        <resolution width="3456" height="5184"/>
        <property name="pixel_width" value="4.3839988057057071e-003"/>
        <property name="pixel_height" value="4.3839988057057071e-003"/>
        <property name="focal_length" value="5.5000000000000000e+001"/>
        <property name="fixed" value="false"/>
        <calibration type="frame" class="adjusted">
          <resolution width="3456" height="5184"/>
          <fx>1.2554304880500616e+004</fx>
          <fy>1.2554304880500616e+004</fy>
          <cx>1.8858648097882133e+003</cx>
          <cy>2.5612421573091437e+003</cy>
          <k1>1.2299604972399797e-001</k1>
          <k2>2.0128704553959240e+000</k2>
          <k3>-4.8978804429654510e+001</k3>
        </calibration>
      </sensor>
      <sensor id="15" label="Canon EOS REBEL T5i (55 mm)" type="frame">
        <resolution width="3456" height="5184"/>
        <property name="pixel_width" value="4.3839988057057071e-003"/>
        <property name="pixel_height" value="4.3839988057057071e-003"/>
        <property name="focal_length" value="5.5000000000000000e+001"/>
        <property name="fixed" value="false"/>
        <calibration type="frame" class="adjusted">
          <resolution width="3456" height="5184"/>
          <fx>1.2531331038453074e+004</fx>
          <fy>1.2531331038453074e+004</fy>
          <cx>1.7092280780504814e+003</cx>
          <cy>2.5658909764933383e+003</cy>
          <k1>-1.8116467107797574e-002</k1>
          <k2>4.3804492873717225e+000</k2>
          <k3>-4.9659126048915624e+001</k3>
        </calibration>
      </sensor>
      <sensor id="16" label="Canon EOS REBEL T5i (55 mm)" type="frame">
        <resolution width="3456" height="5184"/>
        <property name="pixel_width" value="4.3839988057057071e-003"/>
        <property name="pixel_height" value="4.3839988057057071e-003"/>
        <property name="focal_length" value="5.5000000000000000e+001"/>
        <property name="fixed" value="false"/>
        <calibration type="frame" class="adjusted">
          <resolution width="3456" height="5184"/>
          <fx>1.2162940295126156e+004</fx>
          <fy>1.2162940295126156e+004</fy>
          <cx>1.6833124099180379e+003</cx>
          <cy>2.5431111391137947e+003</cy>
          <k1>-4.0134272948295123e-003</k1>
          <k2>4.8973035827245797e+000</k2>
          <k3>-8.5545740103369411e+001</k3>
        </calibration>
      </sensor>
      <sensor id="17" label="Canon EOS REBEL T5i (55 mm)" type="frame">
        <resolution width="3456" height="5184"/>
        <property name="pixel_width" value="4.3839988057057071e-003"/>
        <property name="pixel_height" value="4.3839988057057071e-003"/>
        <property name="focal_length" value="5.5000000000000000e+001"/>
        <property name="fixed" value="false"/>
        <calibration type="frame" class="adjusted">
          <resolution width="3456" height="5184"/>
          <fx>1.2524074685923057e+004</fx>
          <fy>1.2524074685923057e+004</fy>
          <cx>1.5739817686217966e+003</cx>
          <cy>2.6475569730155244e+003</cy>
          <k1>1.5459741739146696e-001</k1>
          <k2>-1.3820556261332206e+000</k2>
          <k3>1.2927965391515873e+001</k3>
        </calibration>
      </sensor>
      <sensor id="18" label="Canon EOS REBEL T5i (55 mm)" type="frame">
        <resolution width="3456" height="5184"/>
        <property name="pixel_width" value="4.3839988057057071e-003"/>
        <property name="pixel_height" value="4.3839988057057071e-003"/>
        <property name="focal_length" value="5.5000000000000000e+001"/>
        <property name="fixed" value="false"/>
        <calibration type="frame" class="adjusted">
          <resolution width="3456" height="5184"/>
          <fx>1.2455824642092888e+004</fx>
          <fy>1.2455824642092888e+004</fy>
          <cx>1.6602279278583417e+003</cx>
          <cy>2.5698833969887241e+003</cy>
          <k1>1.4964066974137749e-001</k1>
          <k2>-9.7000789591995029e-001</k2>
          <k3>6.9617130981702369e+000</k3>
        </calibration>
      </sensor>
      <sensor id="19" label="Canon EOS REBEL T5i (55 mm)" type="frame">
        <resolution width="3456" height="5184"/>
        <property name="pixel_width" value="4.3839988057057071e-003"/>
        <property name="pixel_height" value="4.3839988057057071e-003"/>
        <property name="focal_length" value="5.5000000000000000e+001"/>
        <property name="fixed" value="false"/>
        <calibration type="frame" class="adjusted">
          <resolution width="3456" height="5184"/>
          <fx>1.2537338444068966e+004</fx>
          <fy>1.2537338444068966e+004</fy>
          <cx>1.7170695251054235e+003</cx>
          <cy>2.5324778839820829e+003</cy>
          <k1>8.6336027648297717e-002</k1>
          <k2>1.4929286911557682e+001</k2>
          <k3>-3.6610390085527263e+002</k3>
        </calibration>
      </sensor>
    </sensors>
    <cameras>
      <camera id="0" label="SSP_CAM01_ALISON_205M__8227.tif" sensor_id="0" enabled="true">
        <resolution width="3456" height="5184"/>
        <transform>6.8568103761416366e-001 2.8211346076801846e-001 -6.7100932177567807e-001 2.3447948061893373e+000 -1.0636940844459772e-001 9.5077864892770725e-001 2.9104210982321782e-001 -1.0098437449653617e+000 7.2008823320723003e-001 -1.2818719123490974e-001 6.8193913247429527e-001 9.5977254195892236e-001 0.0000000000000000e+000 0.0000000000000000e+000 0.0000000000000000e+000 1.0000000000000000e+000</transform>
      </camera>
      <camera id="1" label="SSP_CAM02_ALISON_205M__8224.tif" sensor_id="1" enabled="true">
        <resolution width="3456" height="5184"/>
        <transform>7.0311975492498768e-001 7.5913995161885753e-002 -7.0700754986972125e-001 2.3369605510094020e+000 -8.6441039928781646e-002 9.9603598744703614e-001 2.0982333674747777e-002 -9.0737008447803191e-002 7.0579781584406742e-001 4.6361374537095684e-002 7.0689466407717005e-001 1.0633087852036194e+000 0.0000000000000000e+000 0.0000000000000000e+000 0.0000000000000000e+000 1.0000000000000000e+000</transform>
      </camera>
      <camera id="2" label="SSP_CAM03_ALISON_205M__8220.tif" sensor_id="2" enabled="true">
        <resolution width="3456" height="5184"/>
        <transform>6.9374186960736328e-001 -1.1790913447734636e-001 -7.1050661809759619e-001 2.3661095604008460e+000 -7.3520107591627942e-002 9.6976136871453789e-001 -2.3271803008925107e-001 7.6454907991188359e-001 7.1646145195215893e-001 2.1368276429255861e-001 6.6409537275220887e-001 1.1518048843294810e+000 0.0000000000000000e+000 0.0000000000000000e+000 0.0000000000000000e+000 1.0000000000000000e+000</transform>
      </camera>
      <camera id="3" label="SSP_CAM04_ALISON_205M__8216.tif" sensor_id="3" enabled="true">
        <resolution width="3456" height="5184"/>
        <transform>7.0179286072468317e-001 -3.5593164600838489e-001 -6.1708949432446747e-001 2.3561581665441058e+000 -8.1434027901009703e-002 8.2047413434296712e-001 -5.6585395109867009e-001 2.2516887090505180e+000 7.0771129688290457e-001 4.4736434619213938e-001 5.4681794229925984e-001 1.2820937789035540e+000 0.0000000000000000e+000 0.0000000000000000e+000 0.0000000000000000e+000 1.0000000000000000e+000</transform>
      </camera>
      <camera id="4" label="SSP_CAM05_ALISON_205M__8228.tif" sensor_id="4" enabled="true">
        <resolution width="3456" height="5184"/>
        <transform>4.4569343538789413e-002 1.0942888430010093e-001 -9.9299491081140812e-001 3.2215820914158955e+000 -1.1362650022084782e-001 9.8808757067356701e-001 1.0378810687150226e-001 -3.5739749054203185e-001 9.9252334585342783e-001 1.0820476866221666e-001 5.6472435529850623e-002 3.2299912874353165e+000 0.0000000000000000e+000 0.0000000000000000e+000 0.0000000000000000e+000 1.0000000000000000e+000</transform>
      </camera>
      <camera id="5" label="SSP_CAM06_ALISON_205M__8229.tif" sensor_id="5" enabled="true">
        <resolution width="3456" height="5184"/>
        <transform>5.0580333024700053e-002 -1.8139200663675015e-001 -9.8210924536906963e-001 3.2082723710598162e+000 -1.3443053841988878e-001 9.7318240287265856e-001 -1.8666665765244933e-001 6.0790176293199605e-001 9.8963127489547786e-001 1.4146713635078328e-001 2.4839264913834525e-002 3.3262962739427726e+000 0.0000000000000000e+000 0.0000000000000000e+000 0.0000000000000000e+000 1.0000000000000000e+000</transform>
      </camera>
      <camera id="6" label="SSP_CAM07_ALISON_205M__8222.tif" sensor_id="6" enabled="true">
        <resolution width="3456" height="5184"/>
        <transform>3.5971161570035992e-002 -5.1810140166548346e-001 -8.5456246882692166e-001 3.2104585630338640e+000 -1.0954676559106236e-001 8.4791855857076370e-001 -5.1868451314822850e-001 2.0284121921737635e+000 9.9333055006067295e-001 1.1227223888183274e-001 -2.6255717332068607e-002 3.4626587195861038e+000 0.0000000000000000e+000 0.0000000000000000e+000 0.0000000000000000e+000 1.0000000000000000e+000</transform>
      </camera>
      <camera id="7" label="SSP_CAM08_ALISON_205M__8218.tif" sensor_id="7" enabled="true">
        <resolution width="3456" height="5184"/>
        <transform>-7.4230579027950272e-001 5.6060688075595902e-002 -6.6771199852182794e-001 2.3167495624478058e+000 -1.0074914827778055e-001 9.7582739886078518e-001 1.9393425884535168e-001 -6.4336708600649717e-001 6.6244375069799288e-001 2.1122993842039725e-001 -7.1871426191226406e-001 5.8280507892498843e+000 0.0000000000000000e+000 0.0000000000000000e+000 0.0000000000000000e+000 1.0000000000000000e+000</transform>
      </camera>
      <camera id="8" label="SSP_CAM09_ALISON_205M__8212.tif" sensor_id="8" enabled="true">
        <resolution width="3456" height="5184"/>
        <transform>-7.5045263038578103e-001 -1.0741976082300497e-001 -6.5213636958215315e-001 2.3173518935944495e+000 -7.8161211041944373e-002 9.9420390174808293e-001 -7.3820233251762457e-002 2.8642590419896202e-001 6.5628627491020941e-001 -4.4268198084389185e-003 -7.5449899180241764e-001 5.9538120613179073e+000 0.0000000000000000e+000 0.0000000000000000e+000 0.0000000000000000e+000 1.0000000000000000e+000</transform>
      </camera>
      <camera id="9" label="SSP_CAM10_ALISON_205M__8214.tif" sensor_id="9" enabled="true">
        <resolution width="3456" height="5184"/>
        <transform>-9.9988257649782908e-001 -1.1773248563797335e-002 -9.8093748178933807e-003 -5.9644088685973290e-002 -1.3585467015819450e-002 9.7718248628947335e-001 2.1196656239861200e-001 -7.7456052700389033e-001 7.0900142471618894e-003 2.1207493748054634e-001 -9.7722768717970598e-001 6.6477532139278050e+000 0.0000000000000000e+000 0.0000000000000000e+000 0.0000000000000000e+000 1.0000000000000000e+000</transform>
      </camera>
      <camera id="10" label="SSP_CAM11_ALISON_205M__8230.tif" sensor_id="10" enabled="true">
        <resolution width="3456" height="5184"/>
        <transform>-9.9957310381960762e-001 -1.9456030921018681e-002 -2.1796168957783219e-002 -3.6775573316673284e-002 -1.7672124582277775e-002 9.9669858372459252e-001 -7.9244111542374526e-002 1.8738825113386931e-001 2.3265986615321546e-002 -7.8825097920600176e-002 -9.9661692630851073e-001 6.7116191482571814e+000 0.0000000000000000e+000 0.0000000000000000e+000 0.0000000000000000e+000 1.0000000000000000e+000</transform>
      </camera>
      <camera id="11" label="SSP_CAM12_ALISON_205M__8221.tif" sensor_id="11" enabled="true">
        <resolution width="3456" height="5184"/>
        <transform>-6.7974244618786750e-001 -9.3983731931635506e-002 7.2740447137939457e-001 -2.7073435462816948e+000 3.9601199970202339e-002 9.8560667252993461e-001 1.6435094166262146e-001 -6.1966016864214779e-001 -7.3238101546357282e-001 1.4052240104934458e-001 -6.6623682200241163e-001 5.6780753169254528e+000 0.0000000000000000e+000 0.0000000000000000e+000 0.0000000000000000e+000 1.0000000000000000e+000</transform>
      </camera>
      <camera id="12" label="SSP_CAM13_ALISON_205M__8225.tif" sensor_id="12" enabled="true">
        <resolution width="3456" height="5184"/>
        <transform>-6.8244400741349254e-001 1.0225474682915434e-001 7.2375005595600372e-001 -2.6489578649646823e+000 4.2975288157318069e-002 9.9406658453019947e-001 -9.9923721549286110e-002 3.3245037550200668e-001 -7.2967342102697463e-001 -3.7088977761180426e-002 -6.8278921079306909e-001 5.7504261445093796e+000 0.0000000000000000e+000 0.0000000000000000e+000 0.0000000000000000e+000 1.0000000000000000e+000</transform>
      </camera>
      <camera id="13" label="SSP_CAM14_ALISON_205M__8215.tif" sensor_id="13" enabled="true">
        <resolution width="3456" height="5184"/>
        <transform>6.1281818377189684e-002 -8.2761783411024942e-002 9.9468337974604348e-001 -3.6620109602472173e+000 7.8813601972752362e-002 9.9384601546863738e-001 7.7836454705965077e-002 -2.6939972032649867e-001 -9.9500399741933987e-001 7.3624620499801466e-002 6.7427445271154338e-002 3.0765449349249456e+000 0.0000000000000000e+000 0.0000000000000000e+000 0.0000000000000000e+000 1.0000000000000000e+000</transform>
      </camera>
      <camera id="14" label="SSP_CAM15_ALISON_205M__8211.tif" sensor_id="14" enabled="true">
        <resolution width="3456" height="5184"/>
        <transform>6.8205273786219683e-002 1.4158973862543947e-001 9.8757297783187958e-001 -3.6897367110824000e+000 8.6399781214496568e-002 9.8532088612040969e-001 -1.4723392673217972e-001 5.8690557777140251e-001 -9.9392309482868613e-001 9.5368219501411847e-002 5.4970758365667428e-002 3.1304163950808577e+000 0.0000000000000000e+000 0.0000000000000000e+000 0.0000000000000000e+000 1.0000000000000000e+000</transform>
      </camera>
      <camera id="15" label="SSP_CAM16_ALISON_205M__8223.tif" sensor_id="15" enabled="true">
        <resolution width="3456" height="5184"/>
        <transform>7.2429332407807312e-001 -5.4642088279655415e-002 6.8732337577327707e-001 -2.4316286827740425e+000 6.6820955182943231e-002 9.9772525352570085e-001 8.9038433002251380e-003 -8.2649492429664087e-002 -6.8624641393917263e-001 3.9478610227745049e-002 7.2629697692480544e-001 8.4881974744982958e-001 0.0000000000000000e+000 0.0000000000000000e+000 0.0000000000000000e+000 1.0000000000000000e+000</transform>
      </camera>
      <camera id="16" label="SSP_CAM17_ALISON_205M__8219.tif" sensor_id="16" enabled="true">
        <resolution width="3456" height="5184"/>
        <transform>7.1601490890637587e-001 1.0226626808361902e-001 6.9055358998128713e-001 -2.4292967917831367e+000 5.9124084326881397e-002 9.7677318793323131e-001 -2.0595747616258125e-001 7.9985965686289728e-001 -6.9557673399582742e-001 1.8829697221942199e-001 6.9333776572223160e-001 9.3307823976245807e-001 0.0000000000000000e+000 0.0000000000000000e+000 0.0000000000000000e+000 1.0000000000000000e+000</transform>
      </camera>
      <camera id="17" label="SSP_CAM18_ALISON_205M__8226.tif" sensor_id="17" enabled="true">
        <resolution width="3456" height="5184"/>
        <transform>9.9999530676369297e-001 -2.3388325504819533e-003 -1.9789676319824792e-003 6.9245559558282601e-003 2.3303853674032475e-003 9.9998821047193009e-001 -4.2600729085553995e-003 -2.0564232922105755e-002 1.9889078980739883e-003 4.2554411578144182e-003 9.9998896767210654e-001 -1.1098154907911688e-001 0.0000000000000000e+000 0.0000000000000000e+000 0.0000000000000000e+000 1.0000000000000000e+000</transform>
      </camera>
      <camera id="18" label="SSP_CAM19_ALISON_205M__8213.tif" sensor_id="18" enabled="true">
        <resolution width="3456" height="5184"/>
        <transform>9.9967859477505017e-001 2.4385753803721363e-002 -6.9312451987573942e-003 1.2517956166569196e-002 -2.5340458062173020e-002 9.6929508734726799e-001 -2.4459128118077170e-001 9.0085043807246268e-001 7.5387915494379721e-004 2.4468830919330078e-001 9.6960149701325415e-001 -4.6370788764931802e-002 0.0000000000000000e+000 0.0000000000000000e+000 0.0000000000000000e+000 1.0000000000000000e+000</transform>
      </camera>
      <camera id="19" label="SSP_CAM20_ALISON_205M__8217.tif" sensor_id="19" enabled="true">
        <resolution width="3456" height="5184"/>
        <transform>9.9999204739694425e-001 3.9427040456638130e-003 -6.0018969988713197e-004 8.4171772208336826e-003 -3.6039436191141363e-003 8.2892303731192774e-001 -5.5935106132370804e-001 2.2785900630319604e+000 -1.7078446234335557e-003 5.5934877607658762e-001 8.2893065449913572e-001 6.7964983966926074e-002 0.0000000000000000e+000 0.0000000000000000e+000 0.0000000000000000e+000 1.0000000000000000e+000</transform>
      </camera>
    </cameras>
    <transform>9.5022843432944337e-001 -2.9508502958722160e-001 9.9953728821493421e-002 -1.0428544452246902e+000 2.1882538078699459e-001 8.6049614843878519e-001 4.6006720296652448e-001 -3.4316978096592243e-001 -2.2176874287247711e-001 -4.1529652519076277e-001 8.8224000184146945e-001 -1.1671475923355208e+000 0.0000000000000000e+000 0.0000000000000000e+000 0.0000000000000000e+000 1.0000000000000000e+000</transform>
    <region>
      <center>-5.0380349852497827e-002 9.7614582332784902e-002 3.5557262837881738e+000</center>
      <size>1.7862393736529976e+000 1.7496153651337376e+000 1.3497567512946302e+000</size>
      <R>8.2163558509553411e-002 9.8395988848796478e-001 1.5834167960394804e-001 6.0722350432464067e-001 -1.7540842117096703e-001 7.7492677175202307e-001 7.9027132394434685e-001 3.2478048418292049e-002 -6.1189575167849342e-001</R>
    </region>
  </chunk>
</document>
